2.477136725780493407e+02
2.290566485863446928e+02
2.655031526985334267e+02
2.508684980259142208e+02
2.614882707889603353e+02
2.387911439225668175e+02
2.643824631160991316e+02
2.398536827865377461e+02
2.513894310451111380e+02
2.315335592958375912e+02
2.657647871630488225e+02
2.773060112423564192e+02
2.484586178824653473e+02
2.363241991519410306e+02
2.758004438290860776e+02
2.549413728403268067e+02
2.551694363398883070e+02
2.351423100869307348e+02
2.540378377365035192e+02
2.492328019239947423e+02
2.718316217103844110e+02
2.577507714010670838e+02
2.563358660437211256e+02
2.609223674109326225e+02
2.520513350833511765e+02
2.464928063569729773e+02
2.574171068266836642e+02
2.356833118786902901e+02
2.456404017098776080e+02
2.586644955278579232e+02
2.654073231954478729e+02
2.691257911760207548e+02
2.639865150336578949e+02
2.374314688451167683e+02
2.472872232203220051e+02
2.462536267383756012e+02
2.697023314985846696e+02
2.652425579850274744e+02
2.573102507079789802e+02
2.265138600754928007e+02
2.357935957360091095e+02
2.499772166583439628e+02
2.504485490729402670e+02
2.305970673321721165e+02
2.451999894539005140e+02
2.290135088577606268e+02
2.401889940679483004e+02
2.435223290638427329e+02
2.840941752773396161e+02
2.522048957359129133e+02
2.605056718513195619e+02
2.320561681701072416e+02
2.389063422127638319e+02
2.503045399492028196e+02
2.222071498338853814e+02
2.556404107997820745e+02
2.735737870300920918e+02
2.606487365994024117e+02
2.438340132680918941e+02
2.701441429393578346e+02
2.762751669881563998e+02
2.543100649508644722e+02
2.549759927414800416e+02
2.565517629164913842e+02
2.633416451576665054e+02
2.527494272608074368e+02
2.373880681505643224e+02
2.547571492281286396e+02
2.648265983406683404e+02
2.295114715914591557e+02
2.430001530853190843e+02
2.373220538671355655e+02
2.462470293142264381e+02
2.625624920220428749e+02
2.446288371104612906e+02
2.464176393005601540e+02
2.588985429704655985e+02
2.432200440056515447e+02
2.440310577026097008e+02
2.323390067605174636e+02
2.265035769944084052e+02
2.432783203105898906e+02
2.592199402269347956e+02
2.551768990942591699e+02
2.708324981090978554e+02
2.557634086515029139e+02
2.498228490121230720e+02
2.761154625667188611e+02
2.627807967253258425e+02
2.438803146119191467e+02
2.593314016411258081e+02
2.322269830137175859e+02
2.346333008688218342e+02
2.360460336213453161e+02
2.319565755174315314e+02
2.642843114033100846e+02
2.483287823755055399e+02
2.564849818637345606e+02
2.450735387404647838e+02
2.670825305223613668e+02
